2
4
72054 8
2069

2605 2070

2615 2071

2989 2072

2990 2073

3003 2074

3011 2075

3024 2076

3025 2077

3063 2078

3071 2079

3072 2080

3138 2081

3152 2082

3160 2083

3173 2084

3187 2085

3206 2086

3256 2087

3272 2088

3271 2089

3307 2090

3306 2091

3320 2092

3319 2093

3339 2094

3338 2095

3366 2096

3376 2097

3375 2098

2175 2099

2174 2100

2278 2101

2279 2102

2287 2103

2286 2104

2302 2105

2303 2106

2315 2107

2316 2108

2325 2109

2326 2110

2360 2111

2361 2112

2368 2113

2369 2114

2376 2115

2394 2116

2403 2117

2402 2118

2410 2119

2411 2120

2418 2121

2419 2122

2426 2123

2427 2124

2434 2125

2435 2126

2443 2127

2442 2128

2450 2129

2451 2130

2459 2131

2458 2132

2466 2133

2467 2134

2475 2135

2482 2136

2483 2137

2490 2138

2491 2139

2498 2140

2499 2141

2506 2142

2507 2143

2514 2144

2515 2145

2523 2146

2522 2147

2530 2148

2538 2149

2610 2150

2609 2151

2617 2152

2618 2153

2620 2154

2621 2155

2623 2156

2626 2157

2628 2158

2630 2159

2632 2160

2633 2161

2636 2162
